{
 "cells": [
  {
   "cell_type": "code",
   "execution_count": 2,
   "id": "48fe80a3-0855-45a8-9ce2-884fdee44955",
   "metadata": {},
   "outputs": [],
   "source": [
    "import sys, os\n",
    "src_path = os.path.join('..', 'src')\n",
    "if not src_path in sys.path:\n",
    "    sys.path.insert(0, src_path)"
   ]
  },
  {
   "cell_type": "code",
   "execution_count": 3,
   "id": "d571f73f-52d8-43f8-8dbf-82ca293522f5",
   "metadata": {},
   "outputs": [],
   "source": [
    "from NumTForm import *\n",
    "import tensorflow as tf\n",
    "import numpy as np"
   ]
  },
  {
   "cell_type": "code",
   "execution_count": 4,
   "id": "76659176-f204-4afb-b3bb-8b49eaa7b618",
   "metadata": {},
   "outputs": [
    {
     "name": "stderr",
     "output_type": "stream",
     "text": [
      "2022-04-27 08:18:41.600693: I tensorflow/core/platform/cpu_feature_guard.cc:151] This TensorFlow binary is optimized with oneAPI Deep Neural Network Library (oneDNN) to use the following CPU instructions in performance-critical operations:  AVX2 FMA\n",
      "To enable them in other operations, rebuild TensorFlow with the appropriate compiler flags.\n"
     ]
    }
   ],
   "source": [
    "test_in = tf.constant([[1, 2, 3]])"
   ]
  },
  {
   "cell_type": "code",
   "execution_count": 5,
   "id": "88f85794-0822-4b02-a380-152bc79a2d1a",
   "metadata": {},
   "outputs": [
    {
     "data": {
      "text/plain": [
       "<tf.Tensor: shape=(1, 3), dtype=float32, numpy=array([[-0.5620265 , -0.8509156 , -0.12096542]], dtype=float32)>"
      ]
     },
     "execution_count": 5,
     "metadata": {},
     "output_type": "execute_result"
    }
   ],
   "source": [
    "result = point_wise_feed_forward_network(3, 10)(test_in)\n",
    "result"
   ]
  },
  {
   "cell_type": "code",
   "execution_count": 6,
   "id": "1a05fb7a-3f10-4bd8-b156-185822902415",
   "metadata": {},
   "outputs": [],
   "source": [
    "test_seq = tf.constant(\n",
    "                [[[1, 2, 3],\n",
    "                  [4, 5, 6],\n",
    "                  [7, 8, 9]],\n",
    "                 [[3, 3, 3],\n",
    "                  [4, 4, 4],\n",
    "                  [5, 5, 5]]], dtype=tf.float32)"
   ]
  },
  {
   "cell_type": "code",
   "execution_count": 7,
   "id": "1568d3bb-3c18-4dfa-a3a1-816c65e1801c",
   "metadata": {},
   "outputs": [
    {
     "data": {
      "text/plain": [
       "(<tf.Tensor: shape=(2, 3, 3), dtype=float32, numpy=\n",
       " array([[[6.999908 , 7.9999084, 8.999908 ],\n",
       "         [7.       , 8.       , 9.       ],\n",
       "         [7.       , 8.       , 9.       ]],\n",
       " \n",
       "        [[4.9944315, 4.9944315, 4.9944315],\n",
       "         [4.999019 , 4.999019 , 4.999019 ],\n",
       "         [4.999827 , 4.999827 , 4.999827 ]]], dtype=float32)>,\n",
       " <tf.Tensor: shape=(2, 3, 3), dtype=float32, numpy=\n",
       " array([[[9.4047004e-10, 3.0666615e-05, 9.9996936e-01],\n",
       "         [2.7126563e-23, 5.2083069e-12, 1.0000000e+00],\n",
       "         [7.8241341e-37, 8.8454476e-19, 1.0000000e+00]],\n",
       " \n",
       "        [[3.0497726e-05, 5.5071679e-03, 9.9446231e-01],\n",
       "         [9.5898793e-07, 9.7879942e-04, 9.9902022e-01],\n",
       "         [3.0041676e-08, 1.7331065e-04, 9.9982673e-01]]], dtype=float32)>)"
      ]
     },
     "execution_count": 7,
     "metadata": {},
     "output_type": "execute_result"
    }
   ],
   "source": [
    "scaled_dot_product_attention(test_seq, test_seq, test_seq)"
   ]
  },
  {
   "cell_type": "code",
   "execution_count": 8,
   "id": "18c94445-2b10-4227-9fa1-2c4804d5da2f",
   "metadata": {},
   "outputs": [
    {
     "data": {
      "text/plain": [
       "(<tf.Tensor: shape=(2, 3, 3), dtype=float32, numpy=\n",
       " array([[[-2.6738546,  4.6390944, 13.825825 ],\n",
       "         [-2.6748586,  4.6408362, 13.831016 ],\n",
       "         [-2.6748586,  4.6408362, 13.831016 ]],\n",
       " \n",
       "        [[-1.6668798,  2.892009 ,  8.619012 ],\n",
       "         [-1.6745859,  2.9053795,  8.658859 ],\n",
       "         [-1.6769805,  2.909534 ,  8.671241 ]]], dtype=float32)>,\n",
       " <tf.Tensor: shape=(2, 3, 3, 3), dtype=float32, numpy=\n",
       " array([[[[9.91156639e-07, 9.95070674e-04, 9.99003947e-01],\n",
       "          [1.15192849e-15, 3.39399442e-08, 1.00000000e+00],\n",
       "          [1.33743754e-24, 1.15646967e-12, 1.00000000e+00]],\n",
       " \n",
       "         [[9.91156639e-07, 9.95070674e-04, 9.99003947e-01],\n",
       "          [1.15192849e-15, 3.39399442e-08, 1.00000000e+00],\n",
       "          [1.33743754e-24, 1.15646967e-12, 1.00000000e+00]],\n",
       " \n",
       "         [[9.91156639e-07, 9.95070674e-04, 9.99003947e-01],\n",
       "          [1.15192849e-15, 3.39399442e-08, 1.00000000e+00],\n",
       "          [1.33743754e-24, 1.15646967e-12, 1.00000000e+00]]],\n",
       " \n",
       " \n",
       "        [[[1.01699459e-03, 3.13697234e-02, 9.67613280e-01],\n",
       "          [1.05757426e-04, 1.02305664e-02, 9.89663661e-01],\n",
       "          [1.08291651e-05, 3.28534166e-03, 9.96703804e-01]],\n",
       " \n",
       "         [[1.01699459e-03, 3.13697234e-02, 9.67613280e-01],\n",
       "          [1.05757426e-04, 1.02305664e-02, 9.89663661e-01],\n",
       "          [1.08291651e-05, 3.28534166e-03, 9.96703804e-01]],\n",
       " \n",
       "         [[1.01699459e-03, 3.13697234e-02, 9.67613280e-01],\n",
       "          [1.05757426e-04, 1.02305664e-02, 9.89663661e-01],\n",
       "          [1.08291651e-05, 3.28534166e-03, 9.96703804e-01]]]],\n",
       "       dtype=float32)>)"
      ]
     },
     "execution_count": 8,
     "metadata": {},
     "output_type": "execute_result"
    }
   ],
   "source": [
    "MultiHeadAttention(3, 3)(test_seq, test_seq, test_seq)"
   ]
  },
  {
   "cell_type": "code",
   "execution_count": 9,
   "id": "e290be8d-b51c-45e0-9e4d-73c5fe901893",
   "metadata": {},
   "outputs": [
    {
     "data": {
      "text/plain": [
       "(<tf.Tensor: shape=(2, 3, 3), dtype=float32, numpy=\n",
       " array([[[-1.3821912 ,  0.95024586,  0.4319453 ],\n",
       "         [-1.3836339 ,  0.9451277 ,  0.43850604],\n",
       "         [-1.4141603 ,  0.6965271 ,  0.7176331 ]],\n",
       " \n",
       "        [[ 0.87856483,  0.52045274, -1.3990176 ],\n",
       "         [-1.3711785 ,  0.9854236 ,  0.38575482],\n",
       "         [-0.37410212,  1.3681663 , -0.9940642 ]]], dtype=float32)>,\n",
       " <tf.Tensor: shape=(2, 3, 3, 3), dtype=float32, numpy=\n",
       " array([[[[0.00493905, 0.06767858, 0.9273823 ],\n",
       "          [0.00607994, 0.07475601, 0.919164  ],\n",
       "          [0.00747631, 0.08248479, 0.9100388 ]],\n",
       " \n",
       "         [[0.00493905, 0.06767858, 0.9273823 ],\n",
       "          [0.00607994, 0.07475601, 0.919164  ],\n",
       "          [0.00747631, 0.08248479, 0.9100388 ]],\n",
       " \n",
       "         [[0.00493905, 0.06767858, 0.9273823 ],\n",
       "          [0.00607994, 0.07475601, 0.919164  ],\n",
       "          [0.00747631, 0.08248479, 0.9100388 ]]],\n",
       " \n",
       " \n",
       "        [[[0.34544322, 0.3331884 , 0.32136834],\n",
       "          [0.34950936, 0.33307576, 0.31741485],\n",
       "          [0.35358924, 0.33293104, 0.31347978]],\n",
       " \n",
       "         [[0.34544322, 0.3331884 , 0.32136834],\n",
       "          [0.34950936, 0.33307576, 0.31741485],\n",
       "          [0.35358924, 0.33293104, 0.31347978]],\n",
       " \n",
       "         [[0.34544322, 0.3331884 , 0.32136834],\n",
       "          [0.34950936, 0.33307576, 0.31741485],\n",
       "          [0.35358924, 0.33293104, 0.31347978]]]], dtype=float32)>)"
      ]
     },
     "execution_count": 9,
     "metadata": {},
     "output_type": "execute_result"
    }
   ],
   "source": [
    "EncoderLayer(3, 3, 10)(test_seq, training=True)"
   ]
  },
  {
   "cell_type": "code",
   "execution_count": 10,
   "id": "4eed8412-954b-4824-89b5-cb368c15acf5",
   "metadata": {},
   "outputs": [
    {
     "data": {
      "text/plain": [
       "(<tf.Tensor: shape=(2, 3, 3), dtype=float32, numpy=\n",
       " array([[[-1.2419311 ,  0.03512952,  1.2068015 ],\n",
       "         [ 0.31255922, -1.350737  ,  1.0381778 ],\n",
       "         [ 0.43180805, -1.3821608 ,  0.9503528 ]],\n",
       " \n",
       "        [[-0.18124884, -1.1240194 ,  1.3052683 ],\n",
       "         [-0.11692926, -1.162086  ,  1.2790153 ],\n",
       "         [-0.13822526, -1.1497674 ,  1.2879927 ]]], dtype=float32)>,\n",
       " {'encoder_layer1': <tf.Tensor: shape=(2, 3, 3, 3), dtype=float32, numpy=\n",
       "  array([[[[2.2073741e-07, 5.8950729e-05, 9.9994087e-01],\n",
       "           [3.9195196e-18, 8.6939535e-12, 1.0000000e+00],\n",
       "           [5.0901969e-13, 1.5434392e-08, 1.0000000e+00]],\n",
       "  \n",
       "          [[2.2073741e-07, 5.8950729e-05, 9.9994087e-01],\n",
       "           [3.9195196e-18, 8.6939535e-12, 1.0000000e+00],\n",
       "           [5.0901969e-13, 1.5434392e-08, 1.0000000e+00]],\n",
       "  \n",
       "          [[2.2073741e-07, 5.8950729e-05, 9.9994087e-01],\n",
       "           [3.9195196e-18, 8.6939535e-12, 1.0000000e+00],\n",
       "           [5.0901969e-13, 1.5434392e-08, 1.0000000e+00]]],\n",
       "  \n",
       "  \n",
       "         [[[1.8270029e-03, 4.1800715e-02, 9.5637226e-01],\n",
       "           [2.3338875e-04, 1.5159085e-02, 9.8460752e-01],\n",
       "           [2.9252247e-05, 5.3938595e-03, 9.9457693e-01]],\n",
       "  \n",
       "          [[1.8270029e-03, 4.1800715e-02, 9.5637226e-01],\n",
       "           [2.3338875e-04, 1.5159085e-02, 9.8460752e-01],\n",
       "           [2.9252247e-05, 5.3938595e-03, 9.9457693e-01]],\n",
       "  \n",
       "          [[1.8270029e-03, 4.1800715e-02, 9.5637226e-01],\n",
       "           [2.3338875e-04, 1.5159085e-02, 9.8460752e-01],\n",
       "           [2.9252247e-05, 5.3938595e-03, 9.9457693e-01]]]], dtype=float32)>,\n",
       "  'encoder_layer2': <tf.Tensor: shape=(2, 3, 3, 3), dtype=float32, numpy=\n",
       "  array([[[[0.32672307, 0.3188161 , 0.35446078],\n",
       "           [0.32530826, 0.3158541 , 0.3588376 ],\n",
       "           [0.33098793, 0.32804525, 0.34096688]],\n",
       "  \n",
       "          [[0.32672307, 0.3188161 , 0.35446078],\n",
       "           [0.32530826, 0.3158541 , 0.3588376 ],\n",
       "           [0.33098793, 0.32804525, 0.34096688]],\n",
       "  \n",
       "          [[0.32672307, 0.3188161 , 0.35446078],\n",
       "           [0.32530826, 0.3158541 , 0.3588376 ],\n",
       "           [0.33098793, 0.32804525, 0.34096688]]],\n",
       "  \n",
       "  \n",
       "         [[[0.3330455 , 0.3351282 , 0.3318263 ],\n",
       "           [0.33305717, 0.33505613, 0.33188668],\n",
       "           [0.33303863, 0.3351709 , 0.33179048]],\n",
       "  \n",
       "          [[0.3330455 , 0.3351282 , 0.3318263 ],\n",
       "           [0.33305717, 0.33505613, 0.33188668],\n",
       "           [0.33303863, 0.3351709 , 0.33179048]],\n",
       "  \n",
       "          [[0.3330455 , 0.3351282 , 0.3318263 ],\n",
       "           [0.33305717, 0.33505613, 0.33188668],\n",
       "           [0.33303863, 0.3351709 , 0.33179048]]]], dtype=float32)>,\n",
       "  'encoder_layer3': <tf.Tensor: shape=(2, 3, 3, 3), dtype=float32, numpy=\n",
       "  array([[[[0.3340855 , 0.3341839 , 0.3317306 ],\n",
       "           [0.3338865 , 0.3339588 , 0.33215478],\n",
       "           [0.33776683, 0.33835787, 0.3238753 ]],\n",
       "  \n",
       "          [[0.3340855 , 0.3341839 , 0.3317306 ],\n",
       "           [0.3338865 , 0.3339588 , 0.33215478],\n",
       "           [0.33776683, 0.33835787, 0.3238753 ]],\n",
       "  \n",
       "          [[0.3340855 , 0.3341839 , 0.3317306 ],\n",
       "           [0.3338865 , 0.3339588 , 0.33215478],\n",
       "           [0.33776683, 0.33835787, 0.3238753 ]]],\n",
       "  \n",
       "  \n",
       "         [[[0.3333426 , 0.33327538, 0.33338204],\n",
       "           [0.33334288, 0.33327365, 0.33338347],\n",
       "           [0.33334243, 0.33327636, 0.33338118]],\n",
       "  \n",
       "          [[0.3333426 , 0.33327538, 0.33338204],\n",
       "           [0.33334288, 0.33327365, 0.33338347],\n",
       "           [0.33334243, 0.33327636, 0.33338118]],\n",
       "  \n",
       "          [[0.3333426 , 0.33327538, 0.33338204],\n",
       "           [0.33334288, 0.33327365, 0.33338347],\n",
       "           [0.33334243, 0.33327636, 0.33338118]]]], dtype=float32)>,\n",
       "  'encoder_layer4': <tf.Tensor: shape=(2, 3, 3, 3), dtype=float32, numpy=\n",
       "  array([[[[0.32269812, 0.33105648, 0.3462454 ],\n",
       "           [0.31686562, 0.32968765, 0.35344666],\n",
       "           [0.3072204 , 0.32723448, 0.36554512]],\n",
       "  \n",
       "          [[0.32269812, 0.33105648, 0.3462454 ],\n",
       "           [0.31686562, 0.32968765, 0.35344666],\n",
       "           [0.3072204 , 0.32723448, 0.36554512]],\n",
       "  \n",
       "          [[0.32269812, 0.33105648, 0.3462454 ],\n",
       "           [0.31686562, 0.32968765, 0.35344666],\n",
       "           [0.3072204 , 0.32723448, 0.36554512]]],\n",
       "  \n",
       "  \n",
       "         [[[0.33326134, 0.33379033, 0.33294833],\n",
       "           [0.33326074, 0.33379424, 0.33294508],\n",
       "           [0.33326173, 0.333788  , 0.33295026]],\n",
       "  \n",
       "          [[0.33326134, 0.33379033, 0.33294833],\n",
       "           [0.33326074, 0.33379424, 0.33294508],\n",
       "           [0.33326173, 0.333788  , 0.33295026]],\n",
       "  \n",
       "          [[0.33326134, 0.33379033, 0.33294833],\n",
       "           [0.33326074, 0.33379424, 0.33294508],\n",
       "           [0.33326173, 0.333788  , 0.33295026]]]], dtype=float32)>,\n",
       "  'encoder_layer5': <tf.Tensor: shape=(2, 3, 3, 3), dtype=float32, numpy=\n",
       "  array([[[[0.4223214 , 0.28124905, 0.29642957],\n",
       "           [0.6418646 , 0.1632584 , 0.19487706],\n",
       "           [0.66447806, 0.15179437, 0.1837275 ]],\n",
       "  \n",
       "          [[0.4223214 , 0.28124905, 0.29642957],\n",
       "           [0.6418646 , 0.1632584 , 0.19487706],\n",
       "           [0.66447806, 0.15179437, 0.1837275 ]],\n",
       "  \n",
       "          [[0.4223214 , 0.28124905, 0.29642957],\n",
       "           [0.6418646 , 0.1632584 , 0.19487706],\n",
       "           [0.66447806, 0.15179437, 0.1837275 ]]],\n",
       "  \n",
       "  \n",
       "         [[[0.3334922 , 0.3323528 , 0.33415502],\n",
       "           [0.33349216, 0.332353  , 0.3341548 ],\n",
       "           [0.33349222, 0.33235267, 0.3341551 ]],\n",
       "  \n",
       "          [[0.3334922 , 0.3323528 , 0.33415502],\n",
       "           [0.33349216, 0.332353  , 0.3341548 ],\n",
       "           [0.33349222, 0.33235267, 0.3341551 ]],\n",
       "  \n",
       "          [[0.3334922 , 0.3323528 , 0.33415502],\n",
       "           [0.33349216, 0.332353  , 0.3341548 ],\n",
       "           [0.33349222, 0.33235267, 0.3341551 ]]]], dtype=float32)>,\n",
       "  'encoder_layer6': <tf.Tensor: shape=(2, 3, 3, 3), dtype=float32, numpy=\n",
       "  array([[[[0.43866366, 0.26999158, 0.29134473],\n",
       "           [0.45402896, 0.26115426, 0.28481683],\n",
       "           [0.47152618, 0.25119945, 0.2772744 ]],\n",
       "  \n",
       "          [[0.43866366, 0.26999158, 0.29134473],\n",
       "           [0.45402896, 0.26115426, 0.28481683],\n",
       "           [0.47152618, 0.25119945, 0.2772744 ]],\n",
       "  \n",
       "          [[0.43866366, 0.26999158, 0.29134473],\n",
       "           [0.45402896, 0.26115426, 0.28481683],\n",
       "           [0.47152618, 0.25119945, 0.2772744 ]]],\n",
       "  \n",
       "  \n",
       "         [[[0.33370462, 0.3310549 , 0.3352404 ],\n",
       "           [0.3337035 , 0.33106208, 0.33523446],\n",
       "           [0.33370528, 0.331051  , 0.33524373]],\n",
       "  \n",
       "          [[0.33370462, 0.3310549 , 0.3352404 ],\n",
       "           [0.3337035 , 0.33106208, 0.33523446],\n",
       "           [0.33370528, 0.331051  , 0.33524373]],\n",
       "  \n",
       "          [[0.33370462, 0.3310549 , 0.3352404 ],\n",
       "           [0.3337035 , 0.33106208, 0.33523446],\n",
       "           [0.33370528, 0.33105102, 0.33524373]]]], dtype=float32)>})"
      ]
     },
     "execution_count": 10,
     "metadata": {},
     "output_type": "execute_result"
    }
   ],
   "source": [
    "Encoder(6, 3, 3, 10)(test_seq, training=True)"
   ]
  },
  {
   "cell_type": "code",
   "execution_count": 11,
   "id": "a4fa92ea-0443-4583-9a60-2a25d7bb056c",
   "metadata": {},
   "outputs": [
    {
     "data": {
      "text/plain": [
       "(<tf.Tensor: shape=(2, 1), dtype=float32, numpy=\n",
       " array([[-2.476782],\n",
       "        [-1.407672]], dtype=float32)>,\n",
       " {'encoder_layer1': <tf.Tensor: shape=(2, 3, 3, 3), dtype=float32, numpy=\n",
       "  array([[[[0.42128378, 0.32617632, 0.2525399 ],\n",
       "           [0.6552329 , 0.24964894, 0.09511822],\n",
       "           [0.81789565, 0.15335163, 0.02875271]],\n",
       "  \n",
       "          [[0.42128378, 0.32617632, 0.2525399 ],\n",
       "           [0.6552329 , 0.24964894, 0.09511822],\n",
       "           [0.81789565, 0.15335163, 0.02875271]],\n",
       "  \n",
       "          [[0.42128378, 0.32617632, 0.2525399 ],\n",
       "           [0.6552329 , 0.24964894, 0.09511822],\n",
       "           [0.81789565, 0.15335163, 0.02875271]]],\n",
       "  \n",
       "  \n",
       "         [[[0.4144545 , 0.32721183, 0.25833368],\n",
       "           [0.44206157, 0.3225663 , 0.23537214],\n",
       "           [0.46965444, 0.31673694, 0.21360865]],\n",
       "  \n",
       "          [[0.4144545 , 0.32721183, 0.25833368],\n",
       "           [0.44206157, 0.3225663 , 0.23537214],\n",
       "           [0.46965444, 0.31673694, 0.21360865]],\n",
       "  \n",
       "          [[0.4144545 , 0.32721183, 0.25833368],\n",
       "           [0.44206157, 0.3225663 , 0.23537214],\n",
       "           [0.46965444, 0.31673694, 0.21360865]]]], dtype=float32)>,\n",
       "  'encoder_layer2': <tf.Tensor: shape=(2, 3, 3, 3), dtype=float32, numpy=\n",
       "  array([[[[0.18201229, 0.4077451 , 0.41024262],\n",
       "           [0.5066915 , 0.24732392, 0.24598461],\n",
       "           [0.5079559 , 0.24669468, 0.24534942]],\n",
       "  \n",
       "          [[0.18201229, 0.4077451 , 0.41024262],\n",
       "           [0.5066915 , 0.24732392, 0.24598461],\n",
       "           [0.5079559 , 0.24669468, 0.24534942]],\n",
       "  \n",
       "          [[0.18201229, 0.4077451 , 0.41024262],\n",
       "           [0.5066915 , 0.24732392, 0.24598461],\n",
       "           [0.5079559 , 0.24669468, 0.24534942]]],\n",
       "  \n",
       "  \n",
       "         [[[0.34319302, 0.33125988, 0.32554707],\n",
       "           [0.34407756, 0.33106795, 0.32485446],\n",
       "           [0.3444956 , 0.33097693, 0.32452753]],\n",
       "  \n",
       "          [[0.34319302, 0.33125988, 0.32554707],\n",
       "           [0.34407756, 0.33106795, 0.32485446],\n",
       "           [0.3444956 , 0.33097693, 0.32452753]],\n",
       "  \n",
       "          [[0.34319302, 0.33125988, 0.32554707],\n",
       "           [0.34407756, 0.33106795, 0.32485446],\n",
       "           [0.34449556, 0.33097693, 0.3245275 ]]]], dtype=float32)>,\n",
       "  'encoder_layer3': <tf.Tensor: shape=(2, 3, 3, 3), dtype=float32, numpy=\n",
       "  array([[[[0.66315895, 0.16982491, 0.16701612],\n",
       "           [0.11257507, 0.44001   , 0.4474149 ],\n",
       "           [0.11272011, 0.43994203, 0.44733784]],\n",
       "  \n",
       "          [[0.66315895, 0.16982491, 0.16701612],\n",
       "           [0.11257507, 0.44001   , 0.4474149 ],\n",
       "           [0.11272011, 0.43994203, 0.44733784]],\n",
       "  \n",
       "          [[0.66315895, 0.16982491, 0.16701612],\n",
       "           [0.11257507, 0.44001   , 0.4474149 ],\n",
       "           [0.11272011, 0.43994203, 0.44733784]]],\n",
       "  \n",
       "  \n",
       "         [[[0.3001957 , 0.3394701 , 0.36033416],\n",
       "           [0.30028385, 0.3394558 , 0.36026034],\n",
       "           [0.30039418, 0.33943793, 0.36016795]],\n",
       "  \n",
       "          [[0.3001957 , 0.3394701 , 0.36033416],\n",
       "           [0.30028385, 0.3394558 , 0.36026034],\n",
       "           [0.30039418, 0.33943793, 0.36016795]],\n",
       "  \n",
       "          [[0.3001957 , 0.3394701 , 0.36033416],\n",
       "           [0.30028385, 0.3394558 , 0.36026034],\n",
       "           [0.30039418, 0.33943793, 0.36016795]]]], dtype=float32)>,\n",
       "  'encoder_layer4': <tf.Tensor: shape=(2, 3, 3, 3), dtype=float32, numpy=\n",
       "  array([[[[0.11313277, 0.44377097, 0.44309625],\n",
       "           [0.720599  , 0.13957284, 0.13982812],\n",
       "           [0.7248092 , 0.13746805, 0.1377227 ]],\n",
       "  \n",
       "          [[0.11313277, 0.44377097, 0.44309625],\n",
       "           [0.720599  , 0.13957284, 0.13982812],\n",
       "           [0.7248092 , 0.13746805, 0.1377227 ]],\n",
       "  \n",
       "          [[0.11313277, 0.44377097, 0.44309625],\n",
       "           [0.720599  , 0.13957284, 0.13982812],\n",
       "           [0.7248092 , 0.13746805, 0.1377227 ]]],\n",
       "  \n",
       "  \n",
       "         [[[0.33098638, 0.33337593, 0.3356377 ],\n",
       "           [0.3307481 , 0.33337963, 0.33587226],\n",
       "           [0.3306357 , 0.33338135, 0.33598292]],\n",
       "  \n",
       "          [[0.33098638, 0.33337593, 0.3356377 ],\n",
       "           [0.3307481 , 0.33337963, 0.33587226],\n",
       "           [0.3306357 , 0.33338135, 0.33598292]],\n",
       "  \n",
       "          [[0.33098638, 0.33337593, 0.3356377 ],\n",
       "           [0.3307481 , 0.33337963, 0.33587226],\n",
       "           [0.3306357 , 0.33338135, 0.33598292]]]], dtype=float32)>,\n",
       "  'encoder_layer5': <tf.Tensor: shape=(2, 3, 3, 3), dtype=float32, numpy=\n",
       "  array([[[[0.273891  , 0.36128953, 0.3648194 ],\n",
       "           [0.4680392 , 0.2685735 , 0.26338726],\n",
       "           [0.46930668, 0.26795694, 0.26273644]],\n",
       "  \n",
       "          [[0.273891  , 0.36128953, 0.3648194 ],\n",
       "           [0.4680392 , 0.2685735 , 0.26338726],\n",
       "           [0.46930668, 0.26795694, 0.26273644]],\n",
       "  \n",
       "          [[0.273891  , 0.36128953, 0.3648194 ],\n",
       "           [0.4680392 , 0.2685735 , 0.26338726],\n",
       "           [0.46930668, 0.26795694, 0.26273644]]],\n",
       "  \n",
       "  \n",
       "         [[[0.35487813, 0.32856658, 0.3165553 ],\n",
       "           [0.35667136, 0.32814488, 0.31518382],\n",
       "           [0.35751808, 0.32794443, 0.3145375 ]],\n",
       "  \n",
       "          [[0.35487813, 0.32856658, 0.3165553 ],\n",
       "           [0.35667136, 0.32814488, 0.31518382],\n",
       "           [0.35751808, 0.32794443, 0.3145375 ]],\n",
       "  \n",
       "          [[0.35487813, 0.32856658, 0.3165553 ],\n",
       "           [0.35667136, 0.32814488, 0.31518382],\n",
       "           [0.35751808, 0.3279444 , 0.3145375 ]]]], dtype=float32)>,\n",
       "  'encoder_layer6': <tf.Tensor: shape=(2, 3, 3, 3), dtype=float32, numpy=\n",
       "  array([[[[0.2481766 , 0.37052807, 0.3812953 ],\n",
       "           [0.4235606 , 0.2920487 , 0.28439075],\n",
       "           [0.42421204, 0.29174516, 0.28404287]],\n",
       "  \n",
       "          [[0.2481766 , 0.37052807, 0.3812953 ],\n",
       "           [0.4235606 , 0.2920487 , 0.28439075],\n",
       "           [0.42421204, 0.29174516, 0.28404287]],\n",
       "  \n",
       "          [[0.2481766 , 0.37052807, 0.3812953 ],\n",
       "           [0.4235606 , 0.2920487 , 0.28439075],\n",
       "           [0.42421204, 0.29174516, 0.28404287]]],\n",
       "  \n",
       "  \n",
       "         [[[0.33529982, 0.3329794 , 0.33172077],\n",
       "           [0.3353291 , 0.3329741 , 0.33169678],\n",
       "           [0.33534494, 0.33297125, 0.33168384]],\n",
       "  \n",
       "          [[0.33529982, 0.3329794 , 0.33172077],\n",
       "           [0.3353291 , 0.3329741 , 0.33169678],\n",
       "           [0.33534494, 0.33297125, 0.33168384]],\n",
       "  \n",
       "          [[0.33529982, 0.3329794 , 0.33172077],\n",
       "           [0.3353291 , 0.3329741 , 0.33169678],\n",
       "           [0.33534494, 0.33297125, 0.33168384]]]], dtype=float32)>})"
      ]
     },
     "execution_count": 11,
     "metadata": {},
     "output_type": "execute_result"
    }
   ],
   "source": [
    "Transformer(6, 3, 3, 10)(test_seq)"
   ]
  },
  {
   "cell_type": "code",
   "execution_count": null,
   "id": "5f0442c5-8083-407f-90f5-9ada98b381fa",
   "metadata": {},
   "outputs": [],
   "source": []
  }
 ],
 "metadata": {
  "kernelspec": {
   "display_name": "TBot",
   "language": "python",
   "name": "tbot"
  },
  "language_info": {
   "codemirror_mode": {
    "name": "ipython",
    "version": 3
   },
   "file_extension": ".py",
   "mimetype": "text/x-python",
   "name": "python",
   "nbconvert_exporter": "python",
   "pygments_lexer": "ipython3",
   "version": "3.9.7"
  }
 },
 "nbformat": 4,
 "nbformat_minor": 5
}
